 0.00000000e+00 -2.10000000e-07 0.00000000e+00 9.00000000e-08 1.77856758e+01 1.77856758e+01 1.77856758e+01
 1.77720000e-01 2.09839440e-01 2.58646320e-01 4.52569650e-01 1.77801892e+01 1.77821458e+01 1.77836113e+01
 3.55440000e-01 4.19463210e-01 5.17781220e-01 9.04271190e-01 1.77637264e+01 1.77715932e+01 1.77774249e+01
 5.33160000e-01 6.28655940e-01 7.77877380e-01 1.35423975e+00 1.77362797e+01 1.77541306e+01 1.77671377e+01
 7.10880000e-01 8.37202620e-01 1.03937604e+00 1.80161697e+00 1.76978370e+01 1.77299442e+01 1.77527849e+01
 8.88600000e-01 1.04488893e+00 1.30267269e+00 2.24555451e+00 1.76483845e+01 1.76992927e+01 1.77344156e+01
 1.06632000e+00 1.25150148e+00 1.56810357e+00 2.68521756e+00 1.75879091e+01 1.76625039e+01 1.77120930e+01
 1.24404000e+00 1.45682790e+00 1.83593400e+00 3.11978859e+00 1.75164021e+01 1.76199724e+01 1.76858941e+01
 1.42176000e+00 1.66065720e+00 2.10634836e+00 3.54847158e+00 1.74338632e+01 1.75721548e+01 1.76559095e+01
 1.59948000e+00 1.86277992e+00 2.37944202e+00 3.97049622e+00 1.73403052e+01 1.75195649e+01 1.76222434e+01
 1.77720000e+00 2.06298837e+00 2.65521468e+00 4.38512295e+00 1.72357600e+01 1.74627672e+01 1.75850135e+01
 1.95492000e+00 2.26107678e+00 2.93356572e+00 4.79164800e+00 1.71202845e+01 1.74023703e+01 1.75443505e+01
 2.13264000e+00 2.45684160e+00 3.21429090e+00 5.18940912e+00 1.69939673e+01 1.73390178e+01 1.75003982e+01
 2.31036000e+00 2.65008168e+00 3.49707990e+00 5.57779185e+00 1.68569364e+01 1.72733791e+01 1.74533131e+01
 2.48808000e+00 2.84059842e+00 3.78151506e+00 5.95623600e+00 1.67093676e+01 1.72061383e+01 1.74032641e+01
 2.66580000e+00 3.02819604e+00 4.06707012e+00 6.32424288e+00 1.65514934e+01 1.71379820e+01 1.73504320e+01
 2.84352000e+00 3.21268179e+00 4.35310905e+00 6.68138226e+00 1.63836142e+01 1.70695862e+01 1.72950096e+01
 3.02124000e+00 3.39386610e+00 4.63888419e+00 7.02730011e+00 1.62061090e+01 1.70016019e+01 1.72372006e+01
 3.19896000e+00 3.57156279e+00 4.92353316e+00 7.36172541e+00 1.60194500e+01 1.69346400e+01 1.71772198e+01
 3.37668000e+00 3.74558925e+00 5.20607412e+00 7.68447702e+00 1.58242176e+01 1.68692569e+01 1.71152921e+01
 3.55440000e+00 3.91576665e+00 5.48539842e+00 7.99546908e+00 1.56211191e+01 1.68059386e+01 1.70516522e+01
 3.73212000e+00 4.08192015e+00 5.76026007e+00 8.29471512e+00 1.54110107e+01 1.67450877e+01 1.69865438e+01
 3.90984000e+00 4.24387905e+00 6.02926131e+00 8.58232980e+00 1.51949227e+01 1.66870106e+01 1.69202192e+01
 4.08756000e+00 4.40147688e+00 6.29083356e+00 8.85852801e+00 1.49740909e+01 1.66319079e+01 1.68529380e+01
 4.26528000e+00 4.55455173e+00 6.54321330e+00 9.12362064e+00 1.47499913e+01 1.65798683e+01 1.67849670e+01
 4.44300000e+00 4.70294631e+00 6.78441354e+00 9.37800651e+00 1.45243809e+01 1.65308654e+01 1.67165787e+01
 4.62072000e+00 4.84650816e+00 7.01219241e+00 9.62216055e+00 1.42993407e+01 1.64847606e+01 1.66480508e+01
 4.79844000e+00 4.98508980e+00 7.22402382e+00 9.85661781e+00 1.40773172e+01 1.64413090e+01 1.65796649e+01
 4.97616000e+00 5.11854879e+00 7.41707952e+00 1.00819539e+01 1.38611530e+01 1.64001718e+01 1.65117055e+01
 5.15388000e+00 5.24674806e+00 7.58823951e+00 1.02987626e+01 1.36540892e+01 1.63609319e+01 1.64444589e+01
 5.33160000e+00 5.36955585e+00 7.73415705e+00 1.05076312e+01 1.34597141e+01 1.63231138e+01 1.63782118e+01
 5.50932000e+00 5.48684604e+00 7.85141220e+00 1.07091141e+01 1.32818241e+01 1.62862069e+01 1.63132503e+01
 5.68704000e+00 5.59849806e+00 7.93678650e+00 1.09037073e+01 1.31241639e+01 1.62496905e+01 1.62498584e+01
 5.86476000e+00 5.70439725e+00 7.98766779e+00 1.10918224e+01 1.29900376e+01 1.61883165e+01 1.62130605e+01
 6.04248000e+00 5.80443477e+00 8.00253855e+00 1.12737627e+01 1.28818367e+01 1.61289001e+01 1.61758568e+01
 6.22020000e+00 5.89850790e+00 7.98143190e+00 1.14497013e+01 1.28006001e+01 1.60718783e+01 1.61376903e+01
 6.39792000e+00 5.98651992e+00 7.92619935e+00 1.16196604e+01 1.27457627e+01 1.60175120e+01 1.60982699e+01
 6.57564000e+00 6.06838050e+00 7.84047897e+00 1.17834934e+01 1.27152010e+01 1.59660531e+01 1.60574290e+01
 6.75336000e+00 6.14400546e+00 7.72937106e+00 1.19408686e+01 1.27055680e+01 1.59177421e+01 1.60151514e+01
 6.93108000e+00 6.21331713e+00 7.59894516e+00 1.20912536e+01 1.27127918e+01 1.58728072e+01 1.59715963e+01
 7.10880000e+00 6.27624432e+00 7.45573587e+00 1.22339032e+01 1.27325748e+01 1.58314625e+01 1.59271221e+01
 7.28652000e+00 6.33272238e+00 7.30633689e+00 1.23678485e+01 1.27607830e+01 1.57939068e+01 1.58823075e+01
 7.46424000e+00 6.38269329e+00 7.15712454e+00 1.24918932e+01 1.27936872e+01 1.57603219e+01 1.58379661e+01
 7.64196000e+00 6.42610572e+00 7.01408745e+00 1.26046202e+01 1.28280758e+01 1.57308718e+01 1.57951503e+01
 7.81968000e+00 6.46291503e+00 6.88271745e+00 1.27044180e+01 1.28612802e+01 1.57057010e+01 1.57551344e+01
 7.99740000e+00 6.49308345e+00 6.76792197e+00 1.27895367e+01 1.28911513e+01 1.56849338e+01 1.57193671e+01
 8.17512000e+00 6.51657999e+00 6.67393320e+00 1.28581854e+01 1.29160155e+01 1.56686731e+01 1.56893822e+01
 8.35284000e+00 6.53338050e+00 6.60420573e+00 1.29086753e+01 1.29346276e+01 1.56570001e+01 1.56666615e+01
 8.53056000e+00 6.54346770e+00 6.56130921e+00 1.29395998e+01 1.29461293e+01 1.56499728e+01 1.56524603e+01
 8.70828000e+00 6.54683124e+00 6.54683124e+00 1.29500184e+01 1.29500184e+01 1.56476264e+01 1.56476264e+01
 9.01166000e+00 6.54683124e+00 6.54683124e+00 1.29500184e+01 1.29500184e+01 1.56476264e+01 1.56476264e+01
 9.13732000e+00 6.54219936e+00 6.54219936e+00 1.27524012e+01 1.31439195e+01 1.56505029e+01 1.56505029e+01
 9.26298000e+00 6.52832868e+00 6.52832868e+00 1.25511015e+01 1.33340728e+01 1.56591068e+01 1.56591068e+01
 9.38864000e+00 6.50529375e+00 6.50529375e+00 1.23461548e+01 1.35204485e+01 1.56733616e+01 1.56733616e+01
 9.51430000e+00 6.47321658e+00 6.47321658e+00 1.21375986e+01 1.37030185e+01 1.56931420e+01 1.56931420e+01
 9.63996000e+00 6.43226376e+00 6.43226376e+00 1.19254722e+01 1.38817566e+01 1.57182771e+01 1.57182771e+01
 9.76562000e+00 6.38264247e+00 6.38264247e+00 1.17098172e+01 1.40566382e+01 1.57485538e+01 1.57485538e+01
 9.89128000e+00 6.32459568e+00 6.32459568e+00 1.14906767e+01 1.42276406e+01 1.57837223e+01 1.57837223e+01
 1.00169400e+01 6.25839705e+00 6.25839705e+00 1.12680963e+01 1.43947426e+01 1.58235007e+01 1.58235007e+01
 1.01426000e+01 6.18434538e+00 6.18434538e+00 1.10421233e+01 1.45579248e+01 1.58675810e+01 1.58675810e+01
 1.02682600e+01 6.10275906e+00 6.10275906e+00 1.08128072e+01 1.47171691e+01 1.59156344e+01 1.59156344e+01
 1.03939200e+01 6.01397088e+00 6.01397088e+00 1.05801995e+01 1.48724591e+01 1.59673166e+01 1.59673166e+01
 1.05195800e+01 5.91832290e+00 5.91832290e+00 1.03443535e+01 1.50237799e+01 1.60222731e+01 1.60222731e+01
 1.06452400e+01 5.81616186e+00 5.81616186e+00 1.01053250e+01 1.51711178e+01 1.60801436e+01 1.60801436e+01
 1.07709000e+01 5.70783531e+00 5.70783531e+00 9.86317137e+00 1.53144607e+01 1.61405665e+01 1.61405665e+01
 1.08965600e+01 5.59368783e+00 5.59368783e+00 9.61795218e+00 1.54537977e+01 1.62031819e+01 1.62031819e+01
 1.10222200e+01 5.47405842e+00 5.47405842e+00 9.36972897e+00 1.55891191e+01 1.62676351e+01 1.62676351e+01
 1.11478800e+01 5.34927780e+00 5.34927780e+00 9.11856534e+00 1.57204164e+01 1.63335789e+01 1.63335789e+01
 1.12735400e+01 5.21966676e+00 5.21966676e+00 8.86452675e+00 1.58476823e+01 1.64006754e+01 1.64006754e+01
 1.13992000e+01 5.08553463e+00 5.08553463e+00 8.60768064e+00 1.59709104e+01 1.64685980e+01 1.64685980e+01
 1.15248600e+01 4.94717826e+00 4.94717826e+00 8.34809637e+00 1.60900955e+01 1.65370319e+01 1.65370319e+01
 1.16505200e+01 4.80488139e+00 4.80488139e+00 8.08584516e+00 1.62052333e+01 1.66056756e+01 1.66056756e+01
 1.17761800e+01 4.65891423e+00 4.65891423e+00 7.82100018e+00 1.63163201e+01 1.66742405e+01 1.66742405e+01
 1.19018400e+01 4.50953337e+00 4.50953337e+00 7.55363628e+00 1.64233535e+01 1.67424522e+01 1.67424522e+01
 1.20275000e+01 4.35698184e+00 4.35698184e+00 7.28383023e+00 1.65263314e+01 1.68100497e+01 1.68100497e+01
 1.21531600e+01 4.20148929e+00 4.20148929e+00 7.01166048e+00 1.66252525e+01 1.68767858e+01 1.68767858e+01
 1.22788200e+01 4.04327235e+00 4.04327235e+00 6.73720716e+00 1.67201165e+01 1.69424268e+01 1.69424268e+01
 1.24044800e+01 3.88253517e+00 3.88253517e+00 6.46055214e+00 1.68109231e+01 1.70067521e+01 1.70067521e+01
 1.25301400e+01 3.71946972e+00 3.71946972e+00 6.18177882e+00 1.68976729e+01 1.70695540e+01 1.70695540e+01
 1.26558000e+01 3.55425654e+00 3.55425654e+00 5.90097219e+00 1.69803667e+01 1.71306374e+01 1.71306374e+01
 1.27814600e+01 3.38706522e+00 3.38706522e+00 5.61821877e+00 1.70590061e+01 1.71898192e+01 1.71898192e+01
 1.29071200e+01 3.21805497e+00 3.21805497e+00 5.33360646e+00 1.71335924e+01 1.72469279e+01 1.72469279e+01
 1.30327800e+01 3.04737537e+00 3.04737537e+00 5.04722469e+00 1.72041278e+01 1.73018036e+01 1.73018036e+01
 1.31584400e+01 2.87516679e+00 2.87516679e+00 4.75916403e+00 1.72706143e+01 1.73542970e+01 1.73542970e+01
 1.32841000e+01 2.70156114e+00 2.70156114e+00 4.46951652e+00 1.73330543e+01 1.74042695e+01 1.74042695e+01
 1.34097600e+01 2.52668235e+00 2.52668235e+00 4.17837525e+00 1.73914502e+01 1.74515925e+01 1.74515925e+01
 1.35354200e+01 2.35064709e+00 2.35064709e+00 3.88583457e+00 1.74458046e+01 1.74961474e+01 1.74961474e+01
 1.36610800e+01 2.17356519e+00 2.17356519e+00 3.59198979e+00 1.74961199e+01 1.75378251e+01 1.75378251e+01
 1.37867400e+01 1.99554030e+00 1.99554030e+00 3.29693733e+00 1.75423989e+01 1.75765255e+01 1.75765255e+01
 1.39124000e+01 1.81667034e+00 1.81667034e+00 3.00077448e+00 1.75846439e+01 1.76121577e+01 1.76121577e+01
 1.40380600e+01 1.63704813e+00 1.63704813e+00 2.70359940e+00 1.76228575e+01 1.76446392e+01 1.76446392e+01
 1.41637200e+01 1.45676184e+00 1.45676184e+00 2.40551103e+00 1.76570417e+01 1.76738963e+01 1.76738963e+01
 1.42893800e+01 1.27589550e+00 1.27589550e+00 2.10660909e+00 1.76871989e+01 1.76998635e+01 1.76998635e+01
 1.44150400e+01 1.09452948e+00 1.09452948e+00 1.80699381e+00 1.77133310e+01 1.77224832e+01 1.77224832e+01
 1.45407000e+01 9.12740970e-01 9.12740970e-01 1.50676611e+00 1.77354396e+01 1.77417059e+01 1.77417059e+01
 1.46663600e+01 7.30604460e-01 7.30604460e-01 1.20602727e+00 1.77535264e+01 1.77574900e+01 1.77574900e+01
 1.47920200e+01 5.48192280e-01 5.48192280e-01 9.04879080e-01 1.77675925e+01 1.77698017e+01 1.77698017e+01
 1.49176800e+01 3.65574840e-01 3.65574840e-01 6.03423570e-01 1.77776390e+01 1.77786144e+01 1.77786144e+01
 1.50433400e+01 1.82821320e-01 1.82821320e-01 3.01763070e-01 1.77836666e+01 1.77839095e+01 1.77839095e+01
 1.51690000e+01 -2.10000000e-07 0.00000000e+00 9.00000000e-08 1.77856758e+01 1.77856758e+01 1.77856758e+01
 1.52778200e+01 -2.10000000e-07 0.00000000e+00 9.00000000e-08 1.77856758e+01 1.77856758e+01 1.77856758e+01
 1.53866400e+01 1.39156320e-01 1.39156320e-01 2.82312150e-01 1.77834350e+01 1.77847181e+01 1.77847181e+01
 1.54954600e+01 2.78218230e-01 2.78218230e-01 5.64547620e-01 1.77767131e+01 1.77818479e+01 1.77818479e+01
 1.56042800e+01 4.17091080e-01 4.17091080e-01 8.46629640e-01 1.77655125e+01 1.77770739e+01 1.77770739e+01
 1.57131000e+01 5.55679830e-01 5.55679830e-01 1.12848150e+00 1.77498369e+01 1.77704103e+01 1.77704103e+01
 1.58219200e+01 6.93888750e-01 6.93888750e-01 1.41002643e+00 1.77296915e+01 1.77618771e+01 1.77618771e+01
 1.59307400e+01 8.31621240e-01 8.31621240e-01 1.69118754e+00 1.77050830e+01 1.77515003e+01 1.77515003e+01
 1.60395600e+01 9.68779710e-01 9.68779710e-01 1.97188791e+00 1.76760197e+01 1.77393114e+01 1.77393114e+01
 1.61483800e+01 1.10526522e+00 1.10526522e+00 2.25205056e+00 1.76425114e+01 1.77253475e+01 1.77253475e+01
 1.62572000e+01 1.24097736e+00 1.24097736e+00 2.53159833e+00 1.76045694e+01 1.77096519e+01 1.77096519e+01
 1.63660200e+01 1.37581413e+00 1.37581413e+00 2.81045391e+00 1.75622069e+01 1.76922731e+01 1.76922731e+01
 1.64748400e+01 1.50967158e+00 1.50967158e+00 3.08853984e+00 1.75154384e+01 1.76732656e+01 1.76732656e+01
 1.65836600e+01 1.64244381e+00 1.64244381e+00 3.36577836e+00 1.74642804e+01 1.76526896e+01 1.76526896e+01
 1.66924800e+01 1.77402270e+00 1.77402270e+00 3.64209150e+00 1.74087508e+01 1.76306109e+01 1.76306109e+01
 1.68013000e+01 1.90429773e+00 1.90429773e+00 3.91740087e+00 1.73488698e+01 1.76071010e+01 1.76071010e+01
 1.69101200e+01 2.03315601e+00 2.03315601e+00 4.19162769e+00 1.72846591e+01 1.75822371e+01 1.75822371e+01
 1.70189400e+01 2.16048192e+00 2.16048192e+00 4.46469267e+00 1.72161426e+01 1.75561018e+01 1.75561018e+01
 1.71277600e+01 2.28615717e+00 2.28615717e+00 4.73651586e+00 1.71433463e+01 1.75287833e+01 1.75287833e+01
 1.72365800e+01 2.41006071e+00 2.41006071e+00 5.00701659e+00 1.70662985e+01 1.75003752e+01 1.75003752e+01
 1.73454000e+01 2.53206858e+00 2.53206858e+00 5.27611323e+00 1.69850299e+01 1.74709765e+01 1.74709765e+01
 1.74542200e+01 2.65205394e+00 2.65205394e+00 5.54372307e+00 1.68995737e+01 1.74406913e+01 1.74406913e+01
 1.75630400e+01 2.76988707e+00 2.76988707e+00 5.80976199e+00 1.68099662e+01 1.74096288e+01 1.74096288e+01
 1.76718600e+01 2.88543540e+00 2.88543540e+00 6.07414422e+00 1.67162470e+01 1.73779030e+01 1.73779030e+01
 1.77806800e+01 2.99856357e+00 2.99856357e+00 6.33678204e+00 1.66184588e+01 1.73456329e+01 1.73456329e+01
 1.78895000e+01 3.10913355e+00 3.10913355e+00 6.59758512e+00 1.65166488e+01 1.73129414e+01 1.73129414e+01
 1.79983200e+01 3.21700476e+00 3.21700476e+00 6.85646025e+00 1.64108686e+01 1.72799560e+01 1.72799560e+01
 1.81071400e+01 3.32203437e+00 3.32203437e+00 7.11331032e+00 1.63011751e+01 1.72468076e+01 1.72468076e+01
 1.82159600e+01 3.42407745e+00 3.42407745e+00 7.36803372e+00 1.61876315e+01 1.72136309e+01 1.72136309e+01
 1.83247800e+01 3.52298745e+00 3.52298745e+00 7.62052299e+00 1.60703082e+01 1.71805634e+01 1.71805634e+01
 1.84336000e+01 3.61861635e+00 3.61861635e+00 7.87066347e+00 1.59492845e+01 1.71477451e+01 1.71477451e+01
 1.85424200e+01 3.71081532e+00 3.71081532e+00 8.11833144e+00 1.58246503e+01 1.71153179e+01 1.71153179e+01
 1.86512400e+01 3.79943511e+00 3.79943511e+00 8.36339154e+00 1.56965090e+01 1.70834252e+01 1.70834252e+01
 1.87600600e+01 3.88432668e+00 3.88432668e+00 8.60569368e+00 1.55649801e+01 1.70522109e+01 1.70522109e+01
 1.88688800e+01 3.96534183e+00 3.96534183e+00 8.84506851e+00 1.54302038e+01 1.70218190e+01 1.70218190e+01
 1.89777000e+01 4.04233380e+00 4.04233380e+00 9.08132169e+00 1.52923474e+01 1.69923925e+01 1.69923925e+01
 1.90865200e+01 4.11515823e+00 4.11515823e+00 9.31422570e+00 1.51516125e+01 1.69640728e+01 1.69640728e+01
 1.91953400e+01 4.18367391e+00 4.18367391e+00 9.54350856e+00 1.50082471e+01 1.69369987e+01 1.69369987e+01
 1.93041600e+01 4.24774353e+00 4.24774353e+00 9.76883790e+00 1.48625613e+01 1.69113055e+01 1.69113055e+01
 1.94129800e+01 4.30723473e+00 4.30723473e+00 9.98979795e+00 1.47149499e+01 1.68871239e+01 1.68871239e+01
 1.95218000e+01 4.36202106e+00 4.36202106e+00 1.02058560e+01 1.45659265e+01 1.68645792e+01 1.68645792e+01
 1.96306200e+01 4.41198285e+00 4.41198285e+00 1.04163123e+01 1.44161734e+01 1.68437900e+01 1.68437900e+01
 1.97394400e+01 4.45700817e+00 4.45700817e+00 1.06202246e+01 1.42666171e+01 1.68248676e+01 1.68248676e+01
 1.98482600e+01 4.49699388e+00 4.49699388e+00 1.08162928e+01 1.41185435e+01 1.68079146e+01 1.68079146e+01
 1.99570800e+01 4.53184644e+00 4.53184644e+00 1.10026822e+01 1.39737747e+01 1.67930241e+01 1.67930241e+01
 2.00659000e+01 4.56148281e+00 4.56148281e+00 1.11767578e+01 1.38349349e+01 1.67802790e+01 1.67802790e+01
 2.01747200e+01 4.58583129e+00 4.58583129e+00 1.13347067e+01 1.37058279e+01 1.67697507e+01 1.67697507e+01
 2.02835400e+01 4.60483212e+00 4.60483212e+00 1.14710860e+01 1.35918888e+01 1.67614990e+01 1.67614990e+01
 2.03923600e+01 4.61843823e+00 4.61843823e+00 1.15785373e+01 1.35004705e+01 1.67555708e+01 1.67555708e+01
 2.05011800e+01 4.62661560e+00 4.62661560e+00 1.16483361e+01 1.34402932e+01 1.67520003e+01 1.67520003e+01
 2.06100000e+01 4.62934368e+00 4.62934368e+00 1.16726845e+01 1.34191522e+01 1.67508078e+01 1.67508078e+01
