 0.00000000e+00 0.00000000e+00 0.00000000e+00 0.00000000e+00 1.56451290e+01 1.56451290e+01 1.56451290e+01
 1.78000000e-01 2.11484000e-01 2.56210000e-01 4.69876000e-01 1.56406590e+01 1.56422060e+01 1.56424970e+01
 3.55000000e-01 4.22122000e-01 5.13384000e-01 9.37998000e-01 1.56273720e+01 1.56334700e+01 1.56344860e+01
 5.33000000e-01 6.31085000e-01 7.72394000e-01 1.40262100e+00 1.56056730e+01 1.56190080e+01 1.56207830e+01
 7.11000000e-01 8.37586000e-01 1.03391900e+00 1.86204100e+00 1.55762010e+01 1.55989790e+01 1.56008710e+01
 8.89000000e-01 1.04088900e+00 1.29837600e+00 2.31458300e+00 1.55398300e+01 1.55735870e+01 1.55740790e+01
 1.06600000e+00 1.24033300e+00 1.56586300e+00 2.75865000e+00 1.54976410e+01 1.55396060e+01 1.55430920e+01
 1.24400000e+00 1.43534100e+00 1.83613900e+00 3.19271300e+00 1.54508710e+01 1.54965710e+01 1.55077980e+01
 1.42200000e+00 1.62542200e+00 2.10860000e+00 3.61535900e+00 1.54008840e+01 1.54440750e+01 1.54680490e+01
 1.59900000e+00 1.81018900e+00 2.38231700e+00 4.02529500e+00 1.53491220e+01 1.53812240e+01 1.54242190e+01
 1.77700000e+00 1.98935800e+00 2.65604900e+00 4.42138100e+00 1.52970430e+01 1.53072080e+01 1.53767090e+01
 1.95500000e+00 2.16273300e+00 2.92831300e+00 4.80266300e+00 1.52213370e+01 1.52460630e+01 1.53259390e+01
 2.13300000e+00 2.33021400e+00 3.19743400e+00 5.16838900e+00 1.51230740e+01 1.51975120e+01 1.52723370e+01
 2.31000000e+00 2.49177400e+00 3.46163300e+00 5.51804900e+00 1.50120740e+01 1.51525620e+01 1.52163420e+01
 2.48800000e+00 2.64745700e+00 3.71910200e+00 5.85137900e+00 1.48882190e+01 1.51121740e+01 1.51583960e+01
 2.66600000e+00 2.79734900e+00 3.96807100e+00 6.16840400e+00 1.47516170e+01 1.50770660e+01 1.50989320e+01
 2.84300000e+00 2.94155400e+00 4.20691700e+00 6.46941700e+00 1.46026090e+01 1.50383810e+01 1.50476770e+01
 3.02100000e+00 3.08018600e+00 4.43421200e+00 6.75499100e+00 1.44417840e+01 1.49771670e+01 1.50241440e+01
 3.19900000e+00 3.21333800e+00 4.64881400e+00 7.02595900e+00 1.42699380e+01 1.49157100e+01 1.50063060e+01
 3.37700000e+00 3.34106400e+00 4.84990400e+00 7.28337700e+00 1.40880820e+01 1.48544120e+01 1.49937390e+01
 3.55400000e+00 3.46336000e+00 5.03703600e+00 7.52848200e+00 1.38974100e+01 1.47936740e+01 1.49857620e+01
 3.73200000e+00 3.58015500e+00 5.21015200e+00 7.76265400e+00 1.36992760e+01 1.47338810e+01 1.49815140e+01
 3.91000000e+00 3.69129600e+00 5.36955400e+00 7.98732900e+00 1.34951790e+01 1.46754220e+01 1.49799940e+01
 4.08700000e+00 3.79654700e+00 5.51586900e+00 8.20396900e+00 1.32867620e+01 1.46186570e+01 1.49801290e+01
 4.26500000e+00 3.89559400e+00 5.64993800e+00 8.41398700e+00 1.30758180e+01 1.45639510e+01 1.49808390e+01
 4.44300000e+00 3.98804900e+00 5.77270200e+00 8.61871400e+00 1.28643040e+01 1.45116470e+01 1.49810820e+01
 4.62100000e+00 4.07346600e+00 5.88501600e+00 8.81933900e+00 1.26544030e+01 1.44620700e+01 1.49798980e+01
 4.79800000e+00 4.15135400e+00 5.98743000e+00 9.01690100e+00 1.24485700e+01 1.44155310e+01 1.49764530e+01
 4.97600000e+00 4.22121700e+00 6.07998700e+00 9.21225600e+00 1.22496170e+01 1.43723010e+01 1.49700560e+01
 5.15400000e+00 4.28255400e+00 6.16196800e+00 9.40606700e+00 1.20607980e+01 1.43326270e+01 1.49601570e+01
 5.33100000e+00 4.33490600e+00 6.23174400e+00 9.59880500e+00 1.18858310e+01 1.42967060e+01 1.49463690e+01
 5.50900000e+00 4.37788400e+00 6.28667700e+00 9.79075200e+00 1.17289180e+01 1.42646980e+01 1.49284510e+01
 5.68700000e+00 4.41119100e+00 6.32321600e+00 9.98200600e+00 1.15945700e+01 1.42366940e+01 1.49062810e+01
 5.86500000e+00 4.43465000e+00 6.33720100e+00 1.01724950e+01 1.14873050e+01 1.42127320e+01 1.48798580e+01
 6.04200000e+00 4.44824500e+00 6.32441200e+00 1.03619870e+01 1.14111200e+01 1.41927810e+01 1.48492730e+01
 6.22000000e+00 4.45212700e+00 6.28132000e+00 1.05500930e+01 1.13688370e+01 1.41767420e+01 1.48146860e+01
 6.39800000e+00 4.44664400e+00 6.20580600e+00 1.07362920e+01 1.13614890e+01 1.41644450e+01 1.47763220e+01
 6.57500000e+00 4.43235600e+00 6.09767800e+00 1.09199290e+01 1.13879430e+01 1.41556490e+01 1.47344450e+01
 6.75300000e+00 4.41004600e+00 5.95878500e+00 1.11002280e+01 1.14449480e+01 1.41500520e+01 1.46893620e+01
 6.93100000e+00 4.38071700e+00 5.79279400e+00 1.12762800e+01 1.15275580e+01 1.41472910e+01 1.46414290e+01
 7.10900000e+00 4.34559100e+00 5.60476000e+00 1.14470460e+01 1.16297350e+01 1.41469610e+01 1.45910700e+01
 7.28600000e+00 4.30609100e+00 5.40067500e+00 1.16113310e+01 1.17449810e+01 1.41486130e+01 1.45387900e+01
 7.46400000e+00 4.26381700e+00 5.18717600e+00 1.17677740e+01 1.18668300e+01 1.41517820e+01 1.44852380e+01
 7.64200000e+00 4.22050700e+00 4.97135500e+00 1.19147880e+01 1.19891990e+01 1.41559880e+01 1.44312580e+01
 7.81900000e+00 4.17797200e+00 4.76068000e+00 1.20505240e+01 1.21065630e+01 1.41607670e+01 1.43779670e+01
 7.99700000e+00 4.13805200e+00 4.56293600e+00 1.21727990e+01 1.22140890e+01 1.41656710e+01 1.43268410e+01
 8.17500000e+00 4.10250900e+00 4.38609900e+00 1.22790750e+01 1.23076690e+01 1.41702970e+01 1.42797650e+01
 8.35300000e+00 4.07296200e+00 4.23803800e+00 1.23664750e+01 1.23839350e+01 1.41742870e+01 1.42390510e+01
 8.53000000e+00 4.05078900e+00 4.12604600e+00 1.24319500e+01 1.24402750e+01 1.41773510e+01 1.42072760e+01
 8.70800000e+00 4.03704100e+00 4.05615300e+00 1.24726400e+01 1.24748230e+01 1.41792790e+01 1.41869470e+01
 8.88600000e+00 4.03238500e+00 4.03238500e+00 1.24864630e+01 1.24864630e+01 1.41799350e+01 1.41799350e+01
 8.88600000e+00 4.03238500e+00 4.03238500e+00 1.24864630e+01 1.24864630e+01 1.41799350e+01 1.41799350e+01
 9.01100000e+00 4.03306300e+00 4.03306300e+00 1.23340020e+01 1.26341940e+01 1.41793950e+01 1.41793950e+01
 9.13700000e+00 4.03507400e+00 4.03507400e+00 1.21768010e+01 1.27772210e+01 1.41778040e+01 1.41778040e+01
 9.26300000e+00 4.03835700e+00 4.03835700e+00 1.20148670e+01 1.29155830e+01 1.41752490e+01 1.41752490e+01
 9.38800000e+00 4.04280000e+00 4.04280000e+00 1.18482160e+01 1.30493460e+01 1.41718890e+01 1.41718890e+01
 9.51400000e+00 4.04824700e+00 4.04824700e+00 1.16768860e+01 1.31785860e+01 1.41679290e+01 1.41679290e+01
 9.64000000e+00 4.05449200e+00 4.05449200e+00 1.15009190e+01 1.33034000e+01 1.41636300e+01 1.41636300e+01
 9.76500000e+00 4.06126700e+00 4.06126700e+00 1.13203610e+01 1.34239010e+01 1.41593100e+01 1.41593100e+01
 9.89100000e+00 4.06825500e+00 4.06825500e+00 1.11352680e+01 1.35402130e+01 1.41553310e+01 1.41553310e+01
 1.00170000e+01 4.07506600e+00 4.07506600e+00 1.09457020e+01 1.36524790e+01 1.41520940e+01 1.41520940e+01
 1.01420000e+01 4.08126000e+00 4.08126000e+00 1.07517230e+01 1.37608410e+01 1.41500310e+01 1.41500310e+01
 1.02680000e+01 4.08633000e+00 4.08633000e+00 1.05533930e+01 1.38654550e+01 1.41496020e+01 1.41496020e+01
 1.03940000e+01 4.08971400e+00 4.08971400e+00 1.03507740e+01 1.39664790e+01 1.41512780e+01 1.41512780e+01
 1.05190000e+01 4.09080800e+00 4.09080800e+00 1.01439280e+01 1.40640570e+01 1.41555320e+01 1.41555320e+01
 1.06450000e+01 4.08896200e+00 4.08896200e+00 9.93290600e+00 1.41583440e+01 1.41628230e+01 1.41628230e+01
 1.07710000e+01 4.08350300e+00 4.08350300e+00 9.71776800e+00 1.41735920e+01 1.41735920e+01 1.42494710e+01
 1.08960000e+01 4.07375000e+00 4.07375000e+00 9.49856100e+00 1.41882270e+01 1.41882270e+01 1.43375680e+01
 1.10220000e+01 4.05903100e+00 4.05903100e+00 9.27532900e+00 1.42070750e+01 1.42070750e+01 1.44227350e+01
 1.11480000e+01 4.03869300e+00 4.03869300e+00 9.04811500e+00 1.42304080e+01 1.42304080e+01 1.45050630e+01
 1.12730000e+01 4.01212900e+00 4.01212900e+00 8.81695900e+00 1.42584200e+01 1.42584200e+01 1.45846190e+01
 1.13990000e+01 3.97878600e+00 3.97878600e+00 8.58189300e+00 1.42912080e+01 1.42912080e+01 1.46614400e+01
 1.15250000e+01 3.93819100e+00 3.93819100e+00 8.34295500e+00 1.43287840e+01 1.43287840e+01 1.47355510e+01
 1.16500000e+01 3.88994900e+00 3.88994900e+00 8.10017000e+00 1.43710450e+01 1.43710450e+01 1.48069490e+01
 1.17760000e+01 3.83376200e+00 3.83376200e+00 7.85357500e+00 1.44178030e+01 1.44178030e+01 1.48756100e+01
 1.19020000e+01 3.76943100e+00 3.76943100e+00 7.60319300e+00 1.44687560e+01 1.44687560e+01 1.49414950e+01
 1.20270000e+01 3.69684800e+00 3.69684800e+00 7.34906100e+00 1.45235270e+01 1.45235270e+01 1.50045430e+01
 1.21530000e+01 3.61600400e+00 3.61600400e+00 7.09121200e+00 1.45816480e+01 1.45816480e+01 1.50646900e+01
 1.22790000e+01 3.52698100e+00 3.52698100e+00 6.82967500e+00 1.46425950e+01 1.46425950e+01 1.51218630e+01
 1.24040000e+01 3.42994200e+00 3.42994200e+00 6.56449900e+00 1.47057820e+01 1.47057820e+01 1.51759870e+01
 1.25300000e+01 3.32511800e+00 3.32511800e+00 6.29571900e+00 1.47705990e+01 1.47705990e+01 1.52269880e+01
 1.26560000e+01 3.21280100e+00 3.21280100e+00 6.02339600e+00 1.48364120e+01 1.48364120e+01 1.52748040e+01
 1.27810000e+01 3.09333800e+00 3.09333800e+00 5.74758000e+00 1.49025790e+01 1.49025790e+01 1.53193860e+01
 1.29070000e+01 2.96710300e+00 2.96710300e+00 5.46834300e+00 1.49684790e+01 1.49684790e+01 1.53607030e+01
 1.30330000e+01 2.83450800e+00 2.83450800e+00 5.18575500e+00 1.50335060e+01 1.50335060e+01 1.53987460e+01
 1.31580000e+01 2.69597200e+00 2.69597200e+00 4.89990900e+00 1.50970950e+01 1.50970950e+01 1.54335340e+01
 1.32840000e+01 2.55193500e+00 2.55193500e+00 4.61089300e+00 1.51587160e+01 1.51587160e+01 1.54651050e+01
 1.34100000e+01 2.40282600e+00 2.40282600e+00 4.31882300e+00 1.52179040e+01 1.52179040e+01 1.54935280e+01
 1.35350000e+01 2.24907900e+00 2.24907900e+00 4.02381400e+00 1.52742290e+01 1.52742290e+01 1.55189050e+01
 1.36610000e+01 2.09111000e+00 2.09111000e+00 3.72600300e+00 1.53273330e+01 1.53273330e+01 1.55413590e+01
 1.37870000e+01 1.92933500e+00 1.92933500e+00 3.42553500e+00 1.53769070e+01 1.53769070e+01 1.55610380e+01
 1.39120000e+01 1.76414400e+00 1.76414400e+00 3.12257400e+00 1.54226910e+01 1.54226910e+01 1.55781020e+01
 1.40380000e+01 1.59591700e+00 1.59591700e+00 2.81729200e+00 1.54644840e+01 1.54644840e+01 1.55927400e+01
 1.41640000e+01 1.42501600e+00 1.42501600e+00 2.50987500e+00 1.55021230e+01 1.55021230e+01 1.56051430e+01
 1.42890000e+01 1.25178500e+00 1.25178500e+00 2.20052500e+00 1.55354960e+01 1.55354960e+01 1.56155030e+01
 1.44150000e+01 1.07655500e+00 1.07655500e+00 1.88945300e+00 1.55645120e+01 1.55645120e+01 1.56240150e+01
 1.45410000e+01 8.99640000e-01 8.99640000e-01 1.57688300e+00 1.55891160e+01 1.55891160e+01 1.56308620e+01
 1.46660000e+01 7.21340000e-01 7.21340000e-01 1.26304800e+00 1.56092710e+01 1.56092710e+01 1.56362100e+01
 1.47920000e+01 5.41948000e-01 5.41948000e-01 9.48191000e-01 1.56249560e+01 1.56249560e+01 1.56402060e+01
 1.49180000e+01 3.61748000e-01 3.61748000e-01 6.32560000e-01 1.56361620e+01 1.56361620e+01 1.56429730e+01
 1.50430000e+01 1.81007000e-01 1.81007000e-01 3.16410000e-01 1.56428890e+01 1.56428890e+01 1.56445950e+01
 1.51690000e+01 0.00000000e+00 0.00000000e+00 0.00000000e+00 1.56451290e+01 1.56451290e+01 1.56451290e+01
 1.51690000e+01 0.00000000e+00 0.00000000e+00 0.00000000e+00 1.56451290e+01 1.56451290e+01 1.56451290e+01
 1.52780000e+01 1.39201000e-01 1.39201000e-01 2.92379000e-01 1.56438400e+01 1.56438400e+01 1.56439510e+01
 1.53870000e+01 2.78100000e-01 2.78100000e-01 5.84683000e-01 1.56399750e+01 1.56399750e+01 1.56404040e+01
 1.54950000e+01 4.16387000e-01 4.16387000e-01 8.76826000e-01 1.56335720e+01 1.56335720e+01 1.56344740e+01
 1.56040000e+01 5.53766000e-01 5.53766000e-01 1.16872500e+00 1.56246800e+01 1.56246800e+01 1.56261280e+01
 1.57130000e+01 6.89928000e-01 6.89928000e-01 1.46029800e+00 1.56133660e+01 1.56133660e+01 1.56153180e+01
 1.58220000e+01 8.24575000e-01 8.24575000e-01 1.75145100e+00 1.55997260e+01 1.55997260e+01 1.56019950e+01
 1.59310000e+01 9.57409000e-01 9.57409000e-01 2.04208000e+00 1.55838700e+01 1.55838700e+01 1.55860910e+01
 1.60400000e+01 1.08813300e+00 1.08813300e+00 2.33208100e+00 1.55659210e+01 1.55659210e+01 1.55675370e+01
 1.61480000e+01 1.21645200e+00 1.21645200e+00 2.62134000e+00 1.55460330e+01 1.55460330e+01 1.55462580e+01
 1.62570000e+01 1.34208200e+00 1.34208200e+00 2.90972600e+00 1.55221760e+01 1.55243640e+01 1.55243640e+01
 1.63660000e+01 1.46473800e+00 1.46473800e+00 3.19710700e+00 1.54952100e+01 1.55010980e+01 1.55010980e+01
 1.64750000e+01 1.58414400e+00 1.58414400e+00 3.48333800e+00 1.54652820e+01 1.54764250e+01 1.54764250e+01
 1.65840000e+01 1.70003700e+00 1.70003700e+00 3.76826100e+00 1.54323140e+01 1.54505530e+01 1.54505530e+01
 1.66930000e+01 1.81216200e+00 1.81216200e+00 4.05170700e+00 1.53962370e+01 1.54236980e+01 1.54236980e+01
 1.68010000e+01 1.92027200e+00 1.92027200e+00 4.33350300e+00 1.53569920e+01 1.53960870e+01 1.53960870e+01
 1.69100000e+01 2.02414000e+00 2.02414000e+00 4.61346200e+00 1.53145260e+01 1.53679520e+01 1.53679520e+01
 1.70190000e+01 2.12355300e+00 2.12355300e+00 4.89138300e+00 1.52687990e+01 1.53395290e+01 1.53395290e+01
 1.71280000e+01 2.21832300e+00 2.21832300e+00 5.16706400e+00 1.52197840e+01 1.53110520e+01 1.53110520e+01
 1.72370000e+01 2.30827800e+00 2.30827800e+00 5.44029500e+00 1.51674640e+01 1.52827580e+01 1.52827580e+01
 1.73460000e+01 2.39327500e+00 2.39327500e+00 5.71085300e+00 1.51118500e+01 1.52548740e+01 1.52548740e+01
 1.74540000e+01 2.47319000e+00 2.47319000e+00 5.97851400e+00 1.50529570e+01 1.52276200e+01 1.52276200e+01
 1.75630000e+01 2.54793900e+00 2.54793900e+00 6.24305500e+00 1.49908160e+01 1.52012060e+01 1.52012060e+01
 1.76720000e+01 2.61746300e+00 2.61746300e+00 6.50424100e+00 1.49254860e+01 1.51758220e+01 1.51758220e+01
 1.77810000e+01 2.68173500e+00 2.68173500e+00 6.76184700e+00 1.48570290e+01 1.51516470e+01 1.51516470e+01
 1.78900000e+01 2.74077000e+00 2.74077000e+00 7.01563800e+00 1.47855320e+01 1.51288300e+01 1.51288300e+01
 1.79980000e+01 2.79461200e+00 2.79461200e+00 7.26538700e+00 1.47110910e+01 1.51075060e+01 1.51075060e+01
 1.81070000e+01 2.84334300e+00 2.84334300e+00 7.51087000e+00 1.46338230e+01 1.50877770e+01 1.50877770e+01
 1.82160000e+01 2.88708300e+00 2.88708300e+00 7.75186800e+00 1.45538540e+01 1.50697270e+01 1.50697270e+01
 1.83250000e+01 2.92598000e+00 2.92598000e+00 7.98816200e+00 1.44713190e+01 1.50534030e+01 1.50534030e+01
 1.84340000e+01 2.96022500e+00 2.96022500e+00 8.21954900e+00 1.43863700e+01 1.50388330e+01 1.50388330e+01
 1.85430000e+01 2.99003400e+00 2.99003400e+00 8.44581900e+00 1.42991680e+01 1.50260110e+01 1.50260110e+01
 1.86510000e+01 3.01565400e+00 3.01565400e+00 8.66678200e+00 1.42098810e+01 1.50149100e+01 1.50149100e+01
 1.87600000e+01 3.03735800e+00 3.03735800e+00 8.88224400e+00 1.41186910e+01 1.50054760e+01 1.50054760e+01
 1.88690000e+01 3.05544200e+00 3.05544200e+00 9.09201000e+00 1.40257890e+01 1.49976270e+01 1.49976270e+01
 1.89780000e+01 3.07021200e+00 3.07021200e+00 9.29589100e+00 1.39313790e+01 1.49912690e+01 1.49912690e+01
 1.90870000e+01 3.08199100e+00 3.08199100e+00 9.49368400e+00 1.38356890e+01 1.49862830e+01 1.49862830e+01
 1.91960000e+01 3.09111400e+00 3.09111400e+00 9.68517200e+00 1.37389680e+01 1.49825420e+01 1.49825420e+01
 1.93040000e+01 3.09791300e+00 3.09791300e+00 9.87010900e+00 1.36415000e+01 1.49799010e+01 1.49799010e+01
 1.94130000e+01 3.10272200e+00 3.10272200e+00 1.00481960e+01 1.35436280e+01 1.49782130e+01 1.49782130e+01
 1.95220000e+01 3.10585700e+00 3.10585700e+00 1.02190680e+01 1.34457700e+01 1.49773260e+01 1.49773260e+01
 1.96310000e+01 3.10763800e+00 3.10763800e+00 1.03822370e+01 1.33484590e+01 1.49770830e+01 1.49770830e+01
 1.97400000e+01 3.10836100e+00 3.10836100e+00 1.05370580e+01 1.32523940e+01 1.49773380e+01 1.49773380e+01
 1.98490000e+01 3.10829800e+00 3.10829800e+00 1.06826450e+01 1.31585150e+01 1.49779430e+01 1.49779430e+01
 1.99570000e+01 3.10770700e+00 3.10770700e+00 1.08177600e+01 1.30681010e+01 1.49787710e+01 1.49787710e+01
 2.00660000e+01 3.10680800e+00 3.10680800e+00 1.09406890e+01 1.29829190e+01 1.49796910e+01 1.49796910e+01
 2.01750000e+01 3.10579700e+00 3.10579700e+00 1.10490720e+01 1.29053570e+01 1.49805960e+01 1.49805960e+01
 2.02840000e+01 3.10483800e+00 3.10483800e+00 1.11398040e+01 1.28385610e+01 1.49814030e+01 1.49814030e+01
 2.03930000e+01 3.10406200e+00 3.10406200e+00 1.12090790e+01 1.27863640e+01 1.49820290e+01 1.49820290e+01
 2.05020000e+01 3.10355800e+00 3.10355800e+00 1.12528570e+01 1.27528270e+01 1.49824280e+01 1.49824280e+01
 2.06100000e+01 3.10338400e+00 3.10338400e+00 1.12678740e+01 1.27412190e+01 1.49825630e+01 1.49825630e+01
